 ,,,,,,,,,,,,,,,,,,,,,,,,,,,,,,,,,,,,,,,,
,Put Present to Onduty Students,,,,,,,,,,,,,,,,,,,,,,,,,,,,,,,,,,,,,,,
,"Mention Boys, Girls Onduty Count separately                                                                                                                                                                                                                                                                                                                                                                                                                                                                                                                                                                                                                                                                                                                                                                                                                                                                                                                                                                                                                                                                                                                                                        ",,,,,,,,,,,,,,,,,,,,,,,,,,,,,,,,,,,,,,,
,,,Karpaga Vinayaga College of Engineering and Technology,,,,,,,,,,,,,,,,,,,,,,,,,,,,,,,,,,,,,
,,,Department of Computer Science & Engineering,,,,,,,,,,,,,,,,,,,,,,,,,,,,,,,,,,,,,
,,,,,,,,,,,,,,,,,,,,,,,,,,,,,,,,,,,,,,,,
,ODD Sem 2025-26,,48,,MAR 2026,,,,,,,,,,,,,,,,,,,,,,,,,,,,,,,,,,,
,,,,,,,,,,,,,,,,,,,,,,,,,,,,,,,,Total Working Days :  ,,26,,,,,,
,CLASS : BE-CSE-A V SEM - III YEAR,,,,,,,,,,,,,,,,,,,,,,,,,,,,,,,,,,,,,,,
,,,,,1,2,3,4,5,6,,7,8,9,10,11,12,,13,14,15,16,17,18,,19,20,21,22,23,24,,25,26,,,,,,
,,,,01-03-26,02-03-26,03-03-26,04-03-26,05-03-26,06-03-26,07-03-26,08-03-26,09-03-26,10-03-26,11-03-26,12-03-26,13-03-26,14-03-26,15-03-26,16-03-26,17-03-26,18-03-26,19-03-26,20-03-26,21-03-26,22-03-26,23-03-26,24-03-26,25-03-26,26-03-26,27-03-26,28-03-26,29-03-26,30-03-26,31-03-26,,,,,,
S.No,Reg No,NAME,,SUN,MON,TUE,WED,THU,FRI,SAT,SUN,MON,TUE,WED,THU,FRI,SAT,SUN,MON,TUE,WED,THU,FRI,SAT,SUN,MON,TUE,WED,THU,FRI,SAT,SUN,MON,TUE,Total,%,,Day,Date,DAY EVENT RECORD
1,421223104001,ABIGAIL.S,,,1,1,1,1,1,1,,1,1,0,0,0,1,,1,1,1,1,1,1,,1,1,1,1,1,1,,1,1,23,88.46,,1,01-05-24,
2,421223104002,ABINAYA.S (SIVAKUMAR),,,1,1,1,1,1,1,,1,1,1,1,1,1,,0,0,1,1,1,1,,1,1,1,1,1,1,,1,1,24,92.31,,2,02-05-24,"OB-421223104002,7,34"
3,421223104003,ABINAYA. S (SANKAR),,,1,1,1,1,1,1,,1,1,1,1,1,0,,1,1,1,1,1,1,,1,1,1,1,1,1,,1,1,25,96.15,,3,03-05-24,
4,421223104004,ABINESH VARAN.S,,,0,0,0,0,1,1,,0,0,0,0,0,0,,0,0,1,1,1,1,,1,1,1,1,1,1,,1,1,14,53.85,,4,04-05-24,
5,421223104005,ALAGU SANGA METHIRAA J.M,,,1,1,1,1,1,1,,1,1,1,1,0,0,,0,0,1,1,1,1,,1,1,1,1,1,1,,1,1,22,84.62,,5,05-05-24,"421223104005,6,8,12"
6,421223104006,ASMICK.A,,,0,0,0,1,1,1,,1,1,1,1,1,1,,1,1,1,1,1,1,,1,1,1,1,1,1,,1,1,23,88.46,,6,06-05-24,
7,421223104007,AWSHATHA.T,,,1,1,1,1,1,1,,1,1,1,1,1,1,,0,0,1,1,1,1,,1,1,1,1,1,1,,1,1,24,92.31,,7,07-05-24,
8,421223104008,AYESHA FARHUNNISA.J,,,0,0,0,0,1,1,,0,0,0,0,0,0,,0,0,1,1,1,1,,1,1,1,1,1,1,,1,1,14,53.85,,8,08-05-24,
9,421223104009,BALACHANDRAN. S,,,0,0,0,0,1,1,,1,0,0,0,0,0,,1,1,1,1,1,1,,1,1,1,1,1,1,,1,1,17,65.38,,9,09-05-24,
10,421223104010,BALANAGAPAKALVAN.S,,,1,1,1,1,1,1,,1,1,1,1,1,1,,1,1,1,1,1,1,,1,1,1,1,1,1,,1,1,26,100.00,,10,10-05-24,
11,421223104011,BHARATHRAM.G.R,,,0,1,1,1,1,1,,0,0,1,1,1,1,,0,0,1,1,1,1,,1,1,1,1,1,1,,1,1,21,80.77,,11,11-05-24,
12,421223104012,BLESSY MOSIYANA.L,,,0,1,1,1,1,1,,1,0,1,1,1,1,,1,1,1,1,1,1,,1,1,1,1,1,1,,1,1,24,92.31,,12,12-05-24,
13,421223104013,CHITTHAN V,,,1,1,1,1,1,1,,1,1,1,1,1,1,,1,1,1,1,1,1,,1,1,1,1,1,1,,1,1,26,100.00,,13,13-05-24,"1,3,6,12,21,23,26,28,29,30,31,32,35,38"
14,421223104014,DANUSHKA R P ,,,1,1,1,1,1,1,,1,1,1,1,1,1,,1,0,1,1,1,1,,1,1,1,1,1,1,,1,1,25,96.15,,14,14-05-24,
15,421223104015,DEVADHASHINI S,,,1,1,1,1,1,1,,1,1,1,1,0,0,,0,0,1,1,1,1,,1,1,1,1,1,1,,1,1,22,84.62,,15,15-05-24,
16,421223104016,DEVANATHAN A.S,,,1,1,1,1,1,1,,1,1,1,1,1,1,,1,1,1,1,1,1,,1,1,1,1,1,1,,1,1,26,100.00,,16,16-05-24,
17,421223104017,DEVASHREE R ,,,0,0,1,1,1,1,,0,0,0,0,1,1,,0,1,1,1,1,1,,1,1,1,1,1,1,,1,1,19,73.08,,17,17-05-24,
18,421223104018,Dhanalakshmi k,,,0,0,0,0,1,1,,1,1,1,1,1,0,,0,1,1,1,1,1,,1,1,1,1,1,1,,1,1,20,76.92,,18,18-05-24,
19,421223104019,DHARUNSANTH S,,,0,1,1,0,1,1,,1,1,1,1,1,1,,1,1,1,1,1,1,,1,1,1,1,1,1,,1,1,24,92.31,,19,19-05-24,
20,421223104020,DILLIGANESH R,,,1,1,1,1,1,1,,1,1,1,1,1,1,,1,1,1,1,1,1,,1,1,1,1,1,1,,1,1,26,100.00,,20,20-05-24,
21,421223104021,DURGESH K,,,1,1,1,1,1,1,,1,1,1,1,1,0,,1,1,1,1,1,1,,1,1,1,1,1,1,,1,1,25,96.15,,21,21-05-24,
22,421223104022,GOPIKA P,,,1,1,1,1,1,1,,1,1,1,1,1,1,,1,0,1,1,1,1,,1,1,1,1,1,1,,1,1,25,96.15,,22,22-05-24,
23,421223104023,GRACE MERCY I,,,1,1,1,1,1,1,,1,1,1,1,1,0,,1,1,1,1,1,1,,1,1,1,1,1,1,,1,1,25,96.15,,23,23-05-24,
24,421223104024,HARIHARAN R,,,0,1,1,1,1,1,,0,1,1,1,1,0,,1,1,1,1,1,1,,1,1,1,1,1,1,,1,1,23,88.46,,24,24-05-24,
25,421223104025,HARI KRISHNAN.V,,,1,1,0,1,1,1,,1,1,1,1,1,0,,1,1,1,1,1,1,,1,1,1,1,1,1,,1,1,24,92.31,,25,25-05-24,
26,421223104026,HARINI S,,,1,1,1,1,1,1,,1,1,1,1,1,1,,0,0,1,1,1,1,,1,1,1,1,1,1,,1,1,24,92.31,,26,26-05-24,
27,421223104027,HARI PRASAD.R,,,1,1,1,1,1,1,,1,1,1,1,1,1,,1,1,1,1,1,1,,1,1,1,1,1,1,,1,1,26,100.00,,27,27-05-24,
28,421223104028,HARISHMA R,,,1,1,1,1,1,1,,1,1,1,1,1,1,,0,0,1,1,1,1,,1,1,1,1,1,1,,1,1,24,92.31,,28,28-05-24,
29,421223104029,HATHIKA A.,,,1,1,0,1,1,1,,1,1,1,1,1,1,,0,1,1,1,1,1,,1,1,1,1,1,1,,1,1,24,92.31,,29,29-05-24,
30,421223104030,HEMAPRIYA P,,,1,1,1,1,1,1,,1,1,1,1,1,1,,1,1,1,1,1,1,,1,1,1,1,1,1,,1,1,26,100.00,,30,30-05-24,
1,421223104031,HEMAPRIYA R.,,,1,1,1,1,1,1,,1,1,1,1,1,1,,1,0,1,1,1,1,,1,1,1,1,1,1,,1,1,25,96.15,,31,31-05-24,
32,421223104032,JAYAPRIYA S,,,1,1,1,1,1,1,,1,1,1,1,1,1,,0,0,1,1,1,1,,1,1,1,1,1,1,,1,1,24,92.31,,,,
33,421223104033,JEEVANANDHAM.J,,,1,1,1,1,1,1,,1,1,1,1,1,0,,1,1,1,1,1,1,,1,1,1,1,1,1,,1,1,25,96.15,,,,
34,421223104034,JOHNSON S,,,0,1,1,1,1,1,,0,1,1,1,1,1,,1,1,1,1,1,1,,1,1,1,1,1,1,,1,1,24,92.31,,,,
35,421223104035,KAMALI.P,,,1,1,1,0,1,1,,1,1,1,1,1,1,,1,1,1,1,1,1,,1,1,1,1,1,1,,1,1,25,96.15,,,,
36,421223104036,KANISHKAR.J,,,1,1,1,1,1,1,,0,1,1,1,0,0,,1,1,1,1,1,1,,1,1,1,1,1,1,,1,1,23,88.46,,,,
37,421223104037,KIRUTHIKSHA M,,,1,1,1,0,1,1,,1,1,1,1,1,1,,1,0,1,1,1,1,,1,1,1,1,1,1,,1,1,24,92.31,,,,
38,421223104038,KOMALA.T,,,1,1,1,1,1,1,,1,1,1,1,1,1,,1,1,1,1,1,1,,1,1,1,1,1,1,,1,1,26,100.00,,,,
39,421223104039,LAKSHMIKANTH B R,,,1,1,1,1,1,1,,0,1,0,0,0,0,,0,0,1,1,1,1,,1,1,1,1,1,1,,1,1,19,73.08,,,,
40,421223104040,MANIKANDAN P,,,1,1,1,1,1,1,,1,1,1,1,1,1,,1,1,1,1,1,1,,1,1,1,1,1,1,,1,1,26,100.00,,,,
41,421223104041,MANOJ R,,,1,1,1,1,1,1,,0,1,1,1,1,1,,1,1,1,1,1,1,,1,1,1,1,1,1,,1,1,25,96.15,,,,
42,421223104042,MOHAMED ASHIK M,,,1,0,1,1,1,1,,1,1,1,1,1,0,,1,0,1,1,1,1,,1,1,1,1,1,1,,1,1,23,88.46,,,,
43,421223104043,MOHAMED ASHIK M,,,1,1,1,1,1,1,,1,1,1,1,0,0,,1,0,1,1,1,1,,1,1,1,1,1,1,,1,1,23,88.46,,,,
44,421223104044,MOHAMEED FAZIL B,,,0,0,0,0,1,1,,0,0,0,0,0,0,,0,0,1,1,1,1,,1,1,1,1,1,1,,1,1,14,53.85,,,,
45,421223104045,MOHAMMED RIYAS N,,,1,1,1,1,1,1,,0,1,1,1,1,1,,1,0,1,1,1,1,,1,1,1,1,1,1,,1,1,24,92.31,,,,
46,421223104046,MOHAN s ,,,1,1,1,1,1,1,,1,1,1,1,1,0,,1,1,1,1,1,1,,1,1,1,1,1,1,,1,1,25,96.15,,,,
47,421223104047,MOHANA PRIYAN,,,1,1,1,1,1,1,,1,1,0,1,1,1,,1,1,1,1,1,1,,1,1,1,1,1,1,,1,1,25,96.15,,,,
48,421223104048,MUGESH,,,1,1,1,0,1,1,,1,1,0,1,1,0,,1,1,1,1,1,1,,1,1,1,1,1,1,,1,1,23,88.46,,,,
,,On-Duty Girls,,0,0,0,0,0,0,0,0,0,0,0,0,0,0,0,0,0,0,0,0,0,0,0,0,0,0,0,0,0,0,0,,,,,,
,,On-Duty Boys,,0,0,0,0,0,0,0,0,0,0,0,0,0,0,0,0,0,0,0,0,0,0,0,0,0,0,0,0,0,0,0,,,,,,
,,Is Complete,,0,0,0,0,0,0,0,0,0,0,0,0,0,0,0,0,0,0,0,0,0,0,0,0,0,0,0,0,0,0,0,,,,,,
,,,,,,,,,,,,,,,,,,,,,,,,,,,,,,,,,,,,,,,,
,,Total Present : ,,0,36,40,40,39,48,48,0,37,41,39,41,38,29,0,33,29,48,48,48,48,0,48,48,48,48,48,48,0,48,48,,,,,,
,,Total Absent  :,,48,12,8,8,9,0,0,48,11,7,9,7,10,19,48,15,19,0,0,0,0,48,0,0,0,0,0,0,48,0,0,,,,,,
,,                                         %,,0.0,75.0,83.3,83.3,81.3,100.0,100.0,0.0,77.1,85.4,81.3,85.4,79.2,60.4,0.0,68.8,60.4,100.0,100.0,100.0,100.0,0.0,100.0,100.0,100.0,100.0,100.0,100.0,0.0,100.0,100.0,,,,,,
,,,,,,,,,,,,,,,,,,,,,,,,,,,,,,,,,,,,,,,,
,,,,,,,,,,,,,,,,,,,,,,,,,,,,,,,,,,,,,,,,
,,,,,,,,,,,,,,,,,,,,,,,,,,,,,,,,,,,,,,,,
,,,,,,,,,,,,,,,,,,,,,,,,,,,,,,,,,,,,,,,,
,,,,,,,,,,,,,,,,,,,,,,,,,,,,,,,,,,,,,,,,
,,,,,,,,,,,,,,,,,,,,,,,,,,,,,,,,,,,,,,,,
,,,,,,,,,,,,,,,,,,,,,,,,,,,,,,,,,,,,,,,,
,,,,,,,,,,,,,,,,,,,,,,,,,,,,,,,,,,,,,,,,
,,,,,,,,,,,,,,,,,,,,,,,,,,,,,,,,,,,,,,,,
,,,,,,,,,,,,,,,,,,,,,,,,,,,,,,,,,,,,,,,,
,,,,,,,,,,,,,,,,,,,,,,,,,,,,,,,,,,,,,,,,
,,,,,,,,,,,,,,,,,,,,,,,,,,,,,,,,,,,,,,,,
,,,,,,,,,,,,,,,,,,,,,,,,,,,,,,,,,,,,,,,,
,,,,,,,,,,,,,,,,,,,,,,,,,,,,,,,,,,,,,,,,
,,,,,,,,,,,,,,,,,,,,,,,,,,,,,,,,,,,,,,,,
,,,,,,,,,,,,,,,,,,,,,,,,,,,,,,,,,,,,,,,,
,,,,,,,,,,,,,,,,,,,,,,,,,,,,,,,,,,,,,,,,
,,,,,,,,,,,,,,,,,,,,,,,,,,,,,,,,,,,,,,,,
,,,,,1,2,3,,4,5,6,7,8,9,,10,11,12,13,14,15,,16,17,18,19,20,21,,22,23,24,25,26,,,,,,
,,                      Girls  Count : ,,0,18,19,19,17,22,22,0,20,19,19,19,18,16,0,11,10,22,22,22,22,0,22,22,22,22,22,22,0,22,22,,,,,,
,,                      Boys Count :,,0,18,21,21,20,26,26,0,17,22,20,22,20,13,0,22,19,26,26,26,26,0,26,26,26,26,26,26,0,26,26,,,,,,
,,          AFTER - ONDUTY -G,,0,18,19,19,17,22,22,0,20,19,19,19,18,16,0,11,10,22,22,22,22,0,22,22,22,22,22,22,0,22,22,,,,,,
,,    AFTER ON-DUTY - B,,0,18,21,21,20,26,26,0,17,22,20,22,20,13,0,22,19,26,26,26,26,0,26,26,26,26,26,26,0,26,26,,,,,,
,,                      MESS-TOTAL,,0,36,40,40,37,48,48,0,37,41,39,41,38,29,0,33,29,48,48,48,48,0,48,48,48,,48,48,0,48,48,,,,,,
,,                  REPORT-TOTAL,,0,36,40,40,37,48,48,0,37,41,39,41,38,29,0,33,29,48,48,48,48,0,48,48,48,,48,48,0,48,48,,,,,,
,,ONDUTY TOTAL,,0,0,0,0,0,0,0,0,0,0,0,0,0,0,0,0,0,0,0,0,0,0,0,0,0,0,0,0,0,0,0,,,,,,
,,,,,,,,,,,,,,,,,,,,,,,,,,,,,,,,,,,,,,,,
,,R,,0,36,40,40,37,48,48,0,37,41,39,41,38,29,0,33,29,48,48,48,48,0,48,48,48,,48,48,0,48,48,,,,,,
,,IRR,,0,0,0,0,0,0,0,0,0,0,0,0,0,0,0,0,0,0,0,0,0,0,0,0,0,,0,0,0,0,0,,,,,,
,,,,,,,,,,,,,,,,,,,,,,,,,,,,,,,,,,,,,,,,
,,,,,,,,,,,,,,,,,,,,,,,,,,,,,,,,,,,,,,,,
,,,,,,,,,,,,,,,,,,,,,,,,,,,,,,,,,,,,,,,,
,,,,,,,,,,,,,,,,,,,,,,,,,,,,,,,,,,,,,,,,
,,,,,,,,,,,,,,,,,,,,,,,,,,,,,,,,,,,,,,,,
,,,,,,,,,,,,,,,,,,,,,,,,,,,,,,,,,,,,,,,,
,,,,,,,,,,,,,,,,,,,,,,,,,,,,,,,,,,,,,,,,
,,,,,,,,,,,,,,,,,,,,,,,,,,,,,,,,,,,,,,,,
,,,,,,,,,,,,,,,,,,,,,,,,,,,,,,,,,,,,,,,,
,,,,,,,,,,,,,,,,,,,,,,,,,,,,,,,,,,,,,,,,
,,,,,,,,,,,,,,,,,,,,,,,,,,,,,,,,,,,,,,,,
,,ABSENTEES,,#N/A,421223104004,421223104004,421223104004,421223104004,#N/A,#N/A,#N/A,421223104004,421223104004,421223104001,421223104001,421223104001,421223104003,#N/A,421223104002,421223104002,#N/A,#N/A,#N/A,#N/A,#N/A,#N/A,#N/A,#N/A,,#N/A,#N/A,#N/A,#N/A,#N/A,,,,,,
,,,,,421223104006,421223104006,421223104006,421223104008,,,,421223104008,421223104008,421223104004,421223104004,421223104004,421223104004,,421223104004,421223104004,,,,,,,,,,,,,,,,,,,,
,,,,,421223104008,421223104008,421223104008,421223104009,,,,421223104011,421223104009,421223104008,421223104008,421223104005,421223104005,,421223104005,421223104005,,,,,,,,,,,,,,,,,,,,
,,,,,421223104009,421223104009,421223104009,421223104018,,,,421223104017,421223104011,421223104009,421223104009,421223104008,421223104008,,421223104007,421223104007,,,,,,,,,,,,,,,,,,,,
,,,,,421223104011,421223104017,421223104018,421223104019,,,,421223104024,421223104012,421223104017,421223104017,421223104009,421223104009,,421223104008,421223104008,,,,,,,,,,,,,,,,,,,,
,,,,,421223104012,421223104018,421223104025,421223104035,,,,421223104034,421223104017,421223104039,421223104039,421223104015,421223104015,,421223104011,421223104011,,,,,,,,,,,,,,,,,,,,
,,,,,421223104017,421223104042,421223104029,421223104037,,,,421223104036,421223104044,421223104044,421223104044,421223104036,421223104018,,421223104015,421223104014,,,,,,,,,,,,,,,,,,,,
,,,,,421223104018,421223104044,421223104044,421223104044,,,,421223104039,,421223104047,,421223104039,421223104021,,421223104017,421223104015,,,,,,,,,,,,,,,,,,,,
,,,,,421223104019,,,421223104048,,,,421223104041,,421223104048,,421223104043,421223104023,,421223104018,421223104022,,,,,,,,,,,,,,,,,,,,
,,,,,421223104024,,,,,,,421223104044,,,,421223104044,421223104024,,421223104026,421223104026,,,,,,,,,,,,,,,,,,,,
,,,,,421223104034,,,,,,,421223104045,,,,,421223104025,,421223104028,421223104028,,,,,,,,,,,,,,,,,,,,
,,,,,421223104044,,,,,,,,,,,,421223104033,,421223104029,421223104031,,,,,,,,,,,,,,,,,,,,
,,,,,,,,,,,,,,,,,421223104036,,421223104032,421223104032,,,,,,,,,,,,,,,,,,,,
,,,,,,,,,,,,,,,,,421223104039,,421223104039,421223104037,,,,,,,,,,,,,,,,,,,,
,,,,,,,,,,,,,,,,,421223104042,,421223104044,421223104039,,,,,,,,,,,,,,,,,,,,
,,,,,,,,,,,,,,,,,421223104043,,,421223104042,,,,,,,,,,,,,,,,,,,,
,,,,,,,,,,,,,,,,,421223104044,,,421223104043,,,,,,,,,,,,,,,,,,,,
,,,,,,,,,,,,,,,,,421223104046,,,421223104044,,,,,,,,,,,,,,,,,,,,
,,,,,,,,,,,,,,,,,421223104048,,,421223104045,,,,,,,,,,,,,,,,,,,,